# Red Side
v 0 0 0
v 2 0 0
v 4 0 0
v 6 0 0
v 1 1 2
v 3 1 2
v 5 1 2
v 2 2 4
v 4 2 4
v 3 3 6
f 0 1 4
f 1 4 5
f 1 2 5
f 5 6 2
f 2 3 6
f 4 5 7
f 7 8 5
f 5 6 8
f 7 8 9
# Green Side
v 0 0 0
v 1 2 0
v 2 4 0
v 3 6 0
v 1 1 2
v 2 3 2
v 3 5 2
v 2 2 4
v 3 4 4
v 3 3 6
f 10 11 14
f 11 14 15
f 11 12 15
f 15 16 12
f 12 13 16
f 14 15 17
f 17 18 15
f 15 16 18
f 17 18 19
# Yellow Side
v 6 0 0
v 5 2 0
v 4 4 0
v 3 6 0
v 5 1 2
v 4 3 2
v 3 5 2
v 4 2 4
v 3 4 4
v 3 3 6
f 20 21 24
f 21 24 25
f 21 22 25
f 25 26 22
f 22 23 26
f 24 25 27
f 27 28 25
f 25 26 28
f 27 28 29
# Blue Side
v 0 0 0
v 2 0 0
v 4 0 0
v 6 0 0
v 1 2 0
v 3 2 0
v 5 2 0
v 2 4 0
v 4 4 0
v 3 6 0
f 30 31 34
f 31 34 35
f 31 32 35
f 35 36 32
f 32 33 36
f 34 35 37
f 37 38 35
f 35 36 38
f 37 38 39