# Red Side
v 0 0 0
v 2 0 0
v 4 0 0
v 6 0 0
v 1 1 2
v 3 1 2
v 5 1 2
v 2 2 4
v 4 2 4
v 3 3 6
f 0 1 4 11 0
f 1 4 5 10 0
f 1 2 5 9 0
f 5 6 2 8 0
f 2 3 6 7 0
f 4 5 7 3 0
f 7 8 5 2 0
f 5 6 8 1 0
f 7 8 9 0 0
# Green Side
v 0 0 0
v 1 2 0
v 2 4 0
v 3 6 0
v 1 1 2
v 2 3 2
v 3 5 2
v 2 2 4
v 3 4 4
v 3 3 6
f 10 11 14 11 1
f 11 14 15 12 0
f 11 12 15 13 1
f 15 16 12 14 0
f 12 13 16 15 0
f 14 15 17 3 1
f 17 18 15 4 0
f 15 16 18 5 0
f 17 18 19 0 1
# Yellow Side
v 6 0 0
v 5 2 0
v 4 4 0
v 3 6 0
v 5 1 2
v 4 3 2
v 3 5 2
v 4 2 4
v 3 4 4
v 3 3 6
f 20 21 24 7 1
f 21 24 25 18 0
f 21 22 25 17 0
f 25 26 22 16 0
f 22 23 26 15 2
f 24 25 27 1 1
f 27 28 25 6 0
f 25 26 28 5 1
f 27 28 29 0 2
# Blue Side
v 0 0 0
v 2 0 0
v 4 0 0
v 6 0 0
v 1 2 0
v 3 2 0
v 5 2 0
v 2 4 0
v 4 4 0
v 3 6 0
f 30 31 34 11 2
f 31 34 35 19 0
f 31 32 35 9 1
f 35 36 32 21 0
f 32 33 36 7 2
f 34 35 37 13 0
f 37 38 35 20 0
f 35 36 38 17 1
f 37 38 39 15 1